1577394522.223500
1577394544.223700
1577394584.223900
1577394544.223700
1577394544.223700
1577394544.223700
1577394011.219300
1577393907.218200
1577810779.412400
1577811800.420900
1577810831.413400
1577939262.259800
1577971283.434400
1578061738.461500
1578064882.483200
1578057770.459800
1578082203.009200
1578082314.012500
1578223994.036200
1578327862.059500
1578334389.072200
1578335663.278500
1578335663.278500
1578336130.283800
1578275207.032100
1578340698.082200
1578340741.084500
1578343911.100500
1578403676.144400
1578404127.152900
1578404009.150600
1578407800.159600
1578410747.042200
1578421877.174600
1578368722.133300
1578408269.326400
1578490080.190700
1578410690.004200
1578495088.213500
1578494416.003900
1578495233.217800
1578494964.210400
1578499925.228800
1578503315.259500
1578517121.276900
1578518185.026700
1578518537.030300
1578518859.034600
1578519023.042000
1578519606.051100
1578519606.051100
1578519606.051100
1578520310.069200
1578520396.072700
1578520389.072400
1578520370.071800
1578517086.275900
1578543330.026900
1578579030.296400
1578587991.306600
1578663464.321500
1578669744.104200
1578676837.332100
1578686183.340400
1578686275.343000
1578689767.009200
1578694258.010900
1578923290.392300
1578844415.028900
1578925164.397100
1578932668.006100
1578944383.426900
1578944664.429700
1578947915.440400
1578948461.000300
1577112159.025700
1579016132.450700
1579017907.470100
1579019366.496800
1579028905.042100
1579029176.127500
1579033163.048600
1579033943.062300
1579035111.078400
1579037782.101100
1579033848.061000
1579112900.171900
1579118157.176400
1579124965.208400
1579124918.207200
1579136631.009500
1579173806.065600
1579186966.226600
1579180913.071700
1579201782.243500
1579207980.276000
1579208457.291000
1579210636.323200
1579210763.333300
1579207991.276300
1579199966.079000
1579270539.001400
1579271176.006800
1579271225.009200
1579279695.038100
1579277773.031000
1579527022.078000
1579529982.008900
1579532219.000400
1579533868.086600
1579536529.092600
1579541234.148800
1579551683.160500
1579555883.172900
1578948650.003700
1579602236.191400
1579616731.199700
1579618033.204300
1579617137.202000
1579315354.021000
1579633231.232500
1579635446.251100
1579637209.275100
1579641665.305900
1579645899.336700
1579706284.364100
1579707579.375100
1579707910.383500
1579716016.451000
1579726651.476900
1579730766.012800
1579497468.000600
1579802719.002700
1579805926.012000
1579805821.010100
1579814718.042400
1579814995.045900
1579714899.440900
1579873436.089100
1579828251.078400
1579872257.084500
1579883413.115600
1580079533.136700
1579882647.106600
1580131881.148900
1580141745.184300
1580141419.173800
1580148492.233800
1580142013.195700
1580152106.269900
1580151359.263600
1580154287.300000
1580154374.301600
1580156633.320200
1580225481.011100
1580225938.014200
1580229447.344800
1580229610.350600
1580221168.335500
1580304149.023600
1580318934.394700
1580331749.435100
1580393072.462300
1580397025.471600
1580402928.015600
1580399880.482400
1580403767.019500
1580414505.037400
1580419092.050000
1580479997.086200
1580479963.085300
1580480757.101300
1580483022.120000
1580483917.134200
1580486540.145900
1580504400.182400
1580739616.190800
1580675687.000500
1580679133.001200
1580750215.046800
1580750215.046800
1580750189.046100
1580767756.241000
1580767989.261600
1580767028.225100
1580821415.276300
1580853408.372200
1580853427.372600
1580854488.385800
1580917805.445200
1580750234.047100
1580921432.455700
1580764020.003000
1580997187.464800
1580999033.037500
1581000653.469100
1581003100.079600
1581003161.080200
1581003161.080200
1581005970.110000
1581006970.117900
1581008139.005500
1581009028.141800
1581009430.151300
1581006007.477100
1581010571.014100
1581023763.042500
1581027516.058500
1581091656.098100
1581099190.060400
1581099190.060400
1581104176.068900
1581348717.213600
1581352445.222900
1581361680.247200
1581362186.251800
1581362609.259100
1581362609.259100
1581363251.271800
1581364080.276900
1581365263.081400
1581368258.304000
1581427452.346100
1581449103.383000
1581470736.407500
1581445499.108600
1581514061.420000
1581522190.035200
1581523448.132200
1581524013.449500
1581524106.452700
1581529522.140100
1581531012.497400
1581531076.000000
1581532228.020000
1581532839.026200
1581533293.037300
1581535973.243200
1581528776.473700
1581544260.145300
1581544221.144900
1581545995.119200
1581546011.151400
1581614682.013100
1581606443.160700
1581611192.214900
1581618709.256200
1581622988.267000
1581626142.281900
1581625940.280400
1581649151.316900
1581687805.326500
1581692038.374500
1581692585.400600
1581694025.014700
1581611465.220500
1581715818.440100
1581715520.438300
1581947486.464000
1581951410.480400
1581964818.488200
1581545525.251500
1581977583.002700
1581617753.253300
1582036936.020000
1582037252.023700
1582037252.023700
1582042599.069200
1582056162.102900
1582120407.141800
1582130070.051000
1582134226.061500
1582195481.195200
1582222503.219300
1582307756.035600
1582307756.035600
1582308448.015400
1582552462.006400
1582573645.036200
1582571065.032800
1582619709.063600
1582649304.004900
1582656921.008800
1582660300.004900
1582660733.101000
1582664368.105100
1582722487.132900
1582728617.023300
1582742802.145400
1582742781.031600
1582747037.036500
1582751868.040400
1582809724.222200
1582809206.220600
1582839297.259600
1582826108.242300
1583162636.313500
1583183744.351000
1583512494.073500
1583512494.073500
1583941831.123800
1583948134.164100
1583950316.171000
1583956519.124000
1583968757.132600
1584022801.297300
1584022786.296800
1584023239.310000
1584026667.332700
1584060329.405100
1584103642.413200
1584122709.470200
1584134374.153400
1584134401.154100
1584217456.019600
1584364756.052800
1584367836.175900
1584372510.081200
1584375113.097900
1584182746.005400
1584457524.069200
1584458018.073100
1584462557.182200
1584466419.104000
1584473469.141900
1584554208.164600
1584627111.202000
1584642064.249500
1584642066.249600
1584642296.254400
1584714396.270300
1584826354.307500
1584975517.324700
1584992691.355700
1585142701.002400
1585163568.068200
1585246886.119700
1585248158.129700
1585343371.011500
1585521852.045200
1585596512.235400
1585663177.258800
1585665543.286100
1585664981.279100
1585751095.057200
1585855270.384400
1586187725.439900
1586201142.456100
1586215807.461500
1586275755.486900
1586283245.497500
1586315720.006600
1586355530.015100
1586355787.020300
1586355441.014200
1586358119.072700
1586361115.094400
1586360472.081700
1586364778.133600
1586457309.203000
1586463260.011400
1586530793.218900
1586531757.228200
1586531715.225500
1586537069.022100
1586549872.070900
1586555909.088800
1586872059.327900
1587148479.125800
1587385557.493700
1587230442.490200
1587395641.159900
1587407717.010800
1587409199.024400
1587477898.046200
1587565778.075500
1587574004.116600
1587573963.115500
1587574672.135900
1587414380.033000
1587584318.240300
1587662809.265000
1587665839.270800
1587689755.311500
1587730580.318900
1587737083.184600
1587745489.344200
1587748387.352400
1587751136.361000
1587841957.405200
1587845659.410100
1587908860.010200
1587996458.450700
1588001897.469200
1588008637.478700
1588025196.005200
1588022824.493500
1588033207.019300
1588189971.077000
1588253892.106300
1588256801.138200
1588268139.148200
1588341355.196900
1588343151.246900
1588343475.255500
1588345425.275500
1588359978.312500
1588601366.045000
1588552656.014200
1588601427.045400
1588607450.341300
1588607450.341300
1588611410.350600
1588614789.357000
1588615051.366100
1588618734.374200
1588620320.389400
1588619001.378500
1588621158.394100
1588690383.466400
1588693373.482000
1588693985.486300
1588769416.024000
1588772843.020300
1588775354.037700
1588777603.055400
1588784009.063100
1588783984.062600
1588785681.071000
1588795011.076900
1588795403.087500
1588795445.088400
1588795945.094600
1588857361.053300
1588862057.148800
1588972951.077100
1589065321.094100
1589290471.212900
1589315393.239500
1589384761.275700
1589466144.103300
1589481917.061800
1589492594.108900
1589561654.351800
1589575023.111600
1589558253.336200
1589558832.338700
1589558832.338700
1589467931.105200
1589640826.389500
1589669941.409800
1589669941.409800
1589666257.409100
1589812400.434200
1589814627.439300
1589812321.433000
1589822553.467300
1589831101.475900
1589833385.480600
1589834938.001400
1589836348.127000
1589903931.024400
1589912453.029500
1589912550.029700
1589925175.046700
1589995649.093700
1589998165.133500
1590100957.022800
1590265543.037900
1590275608.161800
1590284470.142400
1590417393.174000
1590508872.207700
1590034705.110400
1590516548.177400
